##Data analysis and visualization were performed with SeekSoul‑Tools (version 1.0.0) 
##https://seeksoul.online/cloudplatform)‑doc/zh/document/Software/3_SeekSoul_Tools/
##Raw sequencing reads have been deposited in the NCBI SRA under BioProject accession PRJNA1520949 (http://www.ncbi.nlm.nih.gov/bioproject/1520949)


p_val	avg_log2FC	pct.1	pct.2	cluster	gene
0	1.974245829	0.916	0.339	0	Spp1
0	1.940405304	0.674	0.201	0	Ccl11
0	1.520672418	0.914	0.244	0	Gpc6
0	1.455523689	0.905	0.37	0	Gm13889
0	1.24733522	0.761	0.175	0	Ifitm1
0	1.187163696	0.585	0.175	0	Il6
0	1.178941845	0.74	0.151	0	Lsamp
0	1.169697896	0.807	0.411	0	Cxcl10
0	1.157274688	0.993	0.616	0	Rgs5
0	1.134588441	0.544	0.072	0	Nrxn1
0	1.125645629	0.971	0.7	0	Mt1
0	1.124599539	0.672	0.182	0	Ngf
0	1.082862981	0.73	0.167	0	Rarres2
0	1.071742249	0.695	0.204	0	Rgs7bp
0	1.052498996	0.941	0.574	0	Phlda1
0	1.04904623	0.939	0.663	0	Abi1
0	1.018587789	0.631	0.135	0	Edn3
0	1.008393013	0.664	0.142	0	Lama2
0	0.980072617	0.89	0.479	0	Mt2
0	0.960135898	0.944	0.636	0	Cebpd
0	0.940829419	0.822	0.303	0	Zeb2
0	0.939727443	0.505	0.09	0	Grm7
0	0.938895956	0.744	0.212	0	Lhfp
0	0.928859911	0.819	0.49	0	Cxcl1
0	0.920236514	0.887	0.453	0	Pde4d
0	0.885165614	0.798	0.287	0	Arhgap10
0	0.87997646	0.548	0.093	0	Ednra
0	0.869160074	0.664	0.153	0	Aspn
0	0.866866581	0.699	0.213	0	Rbms3
0	0.865387378	0.495	0.098	0	Rgs4
0	1.14566633	0.998	1	1	Gm42418
0	0.830017332	0.98	0.995	1	Actb
4.47E-294	0.7308415	0.974	0.992	1	AY036118
8.04E-256	1.534732107	0.765	0.894	1	Cmss1
5.48E-136	0.416144004	0.195	0.47	1	Jarid2
7.15E-135	0.415244267	0.123	0.339	1	Celf2
2.43E-106	0.607276632	0.186	0.423	1	Lars2
1.12E-105	0.369612204	0.186	0.417	1	Pmepa1
1.94E-96	0.399186383	0.208	0.446	1	Alkbh5
4.33E-93	0.725799596	0.257	0.537	1	Cdk8
3.17E-91	0.584344343	0.166	0.374	1	Patl2
2.89E-77	0.439716473	0.289	0.566	1	Ccnd2
8.09E-75	0.529891916	0.313	0.617	1	Syn3
1.16E-70	0.421781023	0.204	0.404	1	Pdgfa
2.07E-51	0.494347212	0.254	0.459	1	Adamts4
1.96E-47	0.47402223	0.379	0.698	1	Ptges3
1.00E-39	0.621978397	0.186	0.331	1	Dcn
6.25E-37	0.6336467	0.212	0.373	1	Abhd2
7.55E-26	1.223309804	0.311	0.527	1	Camk1d
1.96E-25	0.923527842	0.237	0.391	1	Ptgds
9.07E-24	0.466367205	0.673	0.856	1	Kdm6b
1.34E-19	0.555664756	0.433	0.728	1	Eif2s2
1.34E-19	0.76657437	0.287	0.466	1	Slc39a1
2.62E-19	2.35803325	0.382	0.465	1	Hbb-bs
1.04E-12	0.393112077	0.503	0.818	1	Myh9
2.02E-12	2.119316521	0.243	0.251	1	Hba-a1
1.47E-09	0.375188796	0.696	0.881	1	Lmna
1.14E-05	0.382103289	0.457	0.646	1	Nav2
8.05E-05	0.670047344	0.521	0.721	1	Pim1
0.000105061	1.492212429	0.383	0.526	1	Gm19951
0	3.910618982	0.99	0.318	2	Fabp4
0	3.018340917	0.77	0.084	2	Timp4
0	3.014646583	0.914	0.163	2	Cd36
0	2.901712337	0.885	0.211	2	Gpihbp1
0	2.438231947	0.699	0.108	2	Lpl
0	2.386253765	0.97	0.605	2	Ly6c1
0	2.289822764	0.893	0.595	2	Aqp1
0	2.087072379	0.628	0.061	2	C1qtnf9
0	2.03262819	0.687	0.163	2	Tspan7
0	1.865525534	0.529	0.092	2	Fabp5
0	1.789775777	0.795	0.415	2	Cav1
0	1.775296962	0.827	0.468	2	Plcb4
0	1.759335648	0.688	0.188	2	Cdh13
0	1.744146289	0.481	0.044	2	Lnx1
0	1.702397846	0.88	0.462	2	Sparcl1
0	1.619996991	0.481	0.07	2	Ablim3
0	1.604383106	0.795	0.411	2	Mgll
0	1.590521686	0.548	0.189	2	Ccdc85a
0	1.530019356	0.674	0.407	2	Prkcg
0	1.513268688	0.547	0.196	2	Dach1
0	1.479341769	0.613	0.298	2	Cdkn1c
0	1.396849733	0.841	0.542	2	Kitl
0	1.376466471	0.568	0.183	2	Ctnnbip1
0	1.375236628	0.83	0.525	2	Cxcl12
0	1.340548118	0.767	0.603	2	Iigp1
0	1.337696878	0.783	0.507	2	Ablim1
0	1.336149825	0.49	0.175	2	AW112010
0	1.316064131	0.905	0.694	2	Ly6a
0	1.294603626	0.924	0.724	2	Rgcc
0	1.289416615	0.276	0.056	2	Rbp7
0	1.727590455	0.811	0.365	3	Eml1
0	1.582521246	0.73	0.272	3	Hilpda
0	1.526956164	0.946	0.47	3	Sugct
0	1.411943218	0.703	0.259	3	Avl9
0	1.403385807	0.849	0.359	3	9030624G23Rik
0	1.377365969	0.994	0.746	3	Plvap
0	1.35647828	0.776	0.337	3	Inpp5d
0	1.349715316	0.841	0.361	3	Ramp3
0	1.32142253	0.921	0.7	3	Akap12
0	1.321198413	0.969	0.619	3	Plaur
0	1.303632822	0.807	0.421	3	Stc1
0	1.205226498	0.691	0.285	3	Slc23a2
0	1.181844014	0.869	0.515	3	Nrip1
0	1.181100089	0.889	0.565	3	Marcksl1
0	1.156219778	0.513	0.186	3	Col13a1
0	1.154289742	0.793	0.392	3	Smad6
0	1.131446758	1	0.955	3	Timp3
0	1.101857394	0.7	0.291	3	Gm48228
0	1.093570233	0.676	0.256	3	Cotl1
0	1.085672521	0.995	0.84	3	Plpp3
0	1.079431016	0.56	0.162	3	Rgs9
0	1.078809563	0.996	0.931	3	Actg1
0	1.052476673	0.585	0.212	3	Slc1a1
0	1.047146023	0.966	0.7	3	Plpp1
0	1.007408217	0.889	0.603	3	Nav2
0	1.005033613	0.987	0.829	3	Hbegf
0	1.000023199	0.853	0.5	3	Cdc42ep3
0	0.997338678	0.869	0.462	3	Car8
0	0.9936027	0.693	0.34	3	Cdc42ep2
0	0.984156615	0.832	0.449	3	Tnfaip2
0	5.639199639	0.885	0.17	4	Ccl21a
0	4.306008813	0.781	0.069	4	Nts
0	3.965746603	0.933	0.094	4	Fgl2
0	3.816736518	0.747	0.039	4	Lyve1
0	3.543071847	0.887	0.058	4	Mmrn1
0	3.287685204	0.864	0.03	4	Reln
0	2.981603712	0.832	0.076	4	Lcn2
0	2.400699413	0.826	0.085	4	Fxyd6
0	2.347630683	0.763	0.073	4	Pdpn
0	2.255770099	0.461	0.132	4	Gdf15
0	2.238003957	0.739	0.076	4	Prox1
0	2.146412633	0.64	0.021	4	Clca3a1
0	2.137083102	0.663	0.122	4	Dusp2
0	1.963073081	0.62	0.204	4	Tppp3
0	1.894003575	0.63	0.235	4	Nupr1
0	1.851011495	0.631	0.077	4	Abi3bp
0	1.776637041	0.62	0.052	4	Thy1
0	1.74233595	0.84	0.299	4	Timp2
0	1.706205351	0.436	0.125	4	Ccl7
0	1.701950637	0.995	0.966	4	Fth1
0	1.680790465	0.649	0.132	4	Ackr3
0	1.673608331	0.723	0.16	4	Lbp
0	1.671393487	0.957	0.714	4	Cd9
0	1.671121912	0.601	0.098	4	Maf
0	1.659594682	0.642	0.182	4	Glis3
0	1.653512885	0.555	0.055	4	Pard6g
0	1.630093671	0.86	0.361	4	Cp
0	1.615814418	0.624	0.191	4	Gas7
0	1.6089382	0.518	0.033	4	Sema3a
1.14E-293	1.661267746	0.594	0.32	4	Ccl2
0	2.990622008	0.835	0.245	5	Selp
0	2.160057297	0.73	0.206	5	Sele
0	1.718485072	0.651	0.213	5	Vcam1
0	1.60446389	0.368	0.039	5	F5
0	1.580814944	0.608	0.191	5	Slco2a1
0	1.573553564	0.538	0.193	5	Ptn
0	1.395501109	0.399	0.125	5	Cd74
0	1.394673913	0.686	0.259	5	Pcdh7
0	1.352619164	0.799	0.37	5	Lrg1
0	1.334762731	0.777	0.337	5	Vwf
0	1.284511887	0.846	0.481	5	Cfh
0	1.258300873	0.984	0.933	5	Tm4sf1
0	1.233397817	0.421	0.129	5	Kirrel3
0	1.222333338	0.962	0.778	5	Emp1
0	1.067026646	0.995	0.863	5	Mgp
0	0.959382396	0.645	0.349	5	Grrp1
0	0.956843438	0.942	0.771	5	Icam1
0	0.933157147	0.545	0.232	5	Mal
0	0.859065242	0.262	0.059	5	Serpina3g
0	0.854852442	0.284	0.037	5	Ptgis
4.77E-307	0.895207694	0.953	0.837	5	Ctla2a
7.38E-292	0.966403735	0.357	0.123	5	Ch25h
6.43E-288	1.818358951	0.346	0.12	5	Csf3
5.86E-248	1.312132369	0.703	0.443	5	Mctp1
1.94E-212	0.843140577	0.769	0.559	5	Rnd1
1.11E-196	0.920734982	0.651	0.421	5	St3gal4
3.46E-172	0.949421852	0.253	0.094	5	Pcdh9
2.22E-150	0.940728003	0.563	0.357	5	Tmem252
4.52E-126	0.942537197	0.647	0.46	5	Cxcl10
5.57E-104	0.917135572	0.297	0.152	5	Slc7a11
0	1.565239994	0.565	0.256	6	Ccl11
0	1.42067131	0.95	0.729	6	Mt1
0	1.290261599	0.788	0.406	6	Spp1
0	1.248100614	0.738	0.435	6	Gm13889
0	1.009654826	0.99	0.864	6	Mgp
6.35E-290	1.044558968	0.837	0.674	6	Cebpd
6.11E-285	0.780474111	0.941	0.939	6	Rpl37
3.06E-277	1.144462667	0.526	0.248	6	Ifitm1
4.95E-222	0.899417169	0.775	0.528	6	Mt2
1.77E-220	0.964360169	0.703	0.457	6	Cxcl10
4.00E-217	1.096260392	0.576	0.323	6	Ccl2
4.98E-209	0.801761096	0.806	0.761	6	Cox8a
8.01E-202	0.796653902	0.828	0.81	6	Gng5
2.48E-183	0.788053114	0.784	0.621	6	Phlda1
1.88E-177	0.93998679	0.458	0.241	6	Rarres2
2.58E-172	0.97505862	0.731	0.529	6	Cxcl1
7.92E-171	0.718912121	0.83	0.759	6	H2afz
4.78E-160	0.777983241	0.816	0.677	6	Isg15
1.96E-141	0.848572249	0.275	0.12	6	Mdk
6.43E-136	0.941964624	0.611	0.433	6	Igfbp5
1.61E-125	1.369507397	0.464	0.308	6	Dcn
1.79E-121	0.743538918	0.792	0.695	6	Pim1
3.64E-121	0.982022459	0.288	0.14	6	Gpc3
5.55E-109	0.777389862	0.362	0.202	6	Edn3
1.01E-82	0.73331401	0.264	0.137	6	Ccl7
1.11E-77	0.745764728	0.414	0.292	6	Fam162a
7.58E-75	0.840320832	0.41	0.285	6	Serpine2
6.19E-71	0.812748757	0.347	0.223	6	Ifit3
1.43E-68	0.838151453	0.361	0.23	6	Il6
1.42E-36	0.943443845	0.274	0.201	6	Gsn
0	1.258065287	0.702	0.352	7	Tmem252
0	1.15653648	0.821	0.487	7	Slc2a1
0	0.863973904	0.551	0.213	7	Lef1
1.07E-292	0.878260505	0.99	0.933	7	Actg1
1.03E-285	0.806312309	0.505	0.201	7	Slco1a4
2.45E-264	0.718418942	0.33	0.102	7	Spock2
3.07E-238	0.901066671	0.64	0.352	7	Grrp1
2.55E-235	1.031022368	0.524	0.243	7	Edn1
1.51E-231	0.771137151	0.916	0.682	7	Arl15
3.83E-230	0.767130484	0.768	0.509	7	Abcb1a
1.20E-206	0.773948536	0.931	0.782	7	Emp1
2.74E-197	0.743195859	0.848	0.657	7	Nav1
4.50E-192	0.638506567	0.788	0.534	7	Pltp
2.28E-183	0.710275132	0.953	0.819	7	Mast4
1.09E-174	0.703176692	0.861	0.651	7	Slc6a6
6.05E-166	0.836650725	0.296	0.112	7	Sema3c
2.03E-162	0.721583401	0.954	0.837	7	Hbegf
1.30E-161	0.637722905	0.807	0.609	7	Sbno2
1.02E-155	0.95378929	0.799	0.619	7	Nav2
6.31E-146	0.617652888	0.69	0.446	7	Mctp1
3.26E-143	0.628692367	0.633	0.406	7	Dnm3
4.95E-141	0.690032443	0.773	0.589	7	Etv6
1.37E-130	0.760403342	0.423	0.225	7	Gbp5
4.20E-125	0.651261963	0.722	0.54	7	Smchd1
1.23E-123	0.707143337	0.747	0.542	7	Cxcl12
1.40E-123	0.985668098	0.439	0.24	7	Mal
4.94E-118	0.795431429	0.625	0.443	7	Glul
3.81E-114	0.679627447	0.829	0.691	7	Errfi1
8.90E-113	0.61671913	0.616	0.425	7	Itga5
1.31E-93	0.645456242	0.6	0.426	7	St3gal4
0	2.451889045	0.668	0.107	8	Tnfaip6
0	2.177693072	0.958	0.349	8	Fabp4
0	1.880127709	0.661	0.121	8	Vtn
0	1.865769293	0.903	0.197	8	Cd36
0	1.773382186	0.991	0.657	8	Rgs5
0	1.655564781	0.97	0.563	8	S100a6
0	1.570225029	0.72	0.204	8	Tppp3
0	1.546226668	0.75	0.259	8	Myl9
0	1.544733036	0.803	0.245	8	Gpihbp1
0	1.506692257	0.926	0.478	8	Sparcl1
0	1.457348918	0.544	0.107	8	Higd1b
0	1.398521367	0.818	0.411	8	Prkcg
0	1.393087869	0.604	0.172	8	Ndufa4l2
0	1.383746788	0.691	0.252	8	Lgals1
0	1.377070541	0.653	0.121	8	Timp4
0	1.354982873	0.626	0.17	8	Abcc9
0	1.329761911	0.812	0.43	8	Ednrb
0	1.314719688	0.512	0.154	8	Tagln
0	1.26731439	0.934	0.623	8	Ly6c1
0	1.265179832	0.505	0.171	8	Acta2
0	1.203105828	0.783	0.343	8	Arhgap10
0	1.179955233	0.647	0.209	8	Aspn
0	1.155401903	0.534	0.131	8	Cd44
0	1.1373628	0.496	0.186	8	Cryab
0	1.109163698	0.406	0.085	8	Kcnj8
0	1.099542216	0.566	0.177	8	Cacna1c
0	1.097332465	0.391	0.06	8	Rbp7
0	1.089114832	0.574	0.141	8	Lpl
0	1.044076898	0.7	0.283	8	Tcf15
3.33E-119	1.059030663	0.542	0.326	8	Ccl2
0	1.574282105	0.691	0.243	9	Cx3cr1
0	1.392667226	0.507	0.147	9	Dnah12
0	1.175957019	0.462	0.116	9	Siae
0	1.15806066	0.502	0.147	9	Pde4c
0	1.119036544	0.385	0.122	9	Ttc23l
0	1.102195643	0.891	0.617	9	Nup210l
0	1.060422197	0.95	0.758	9	Plvap
0	1.04618223	0.346	0.057	9	Gm44127
0	1.001138079	0.908	0.713	9	Plpp1
0	0.982366274	0.368	0.105	9	Bean1
0	0.977898775	0.458	0.144	9	Trim69
0	0.962468435	0.342	0.073	9	Cadm4
0	0.879834095	0.315	0.069	9	Fer1l5
0	0.84520853	0.326	0.076	9	Itgam
0	0.832983298	0.26	0.042	9	Itgb6
0	0.801223561	0.253	0.047	9	Mast1
9.86E-293	0.890123866	0.42	0.148	9	Nup107
3.21E-290	1.060983554	0.524	0.225	9	Stat5b
2.85E-285	0.924703191	0.65	0.321	9	Six3
1.10E-261	0.903706888	0.77	0.503	9	Fgfr2
2.63E-250	0.948401985	0.632	0.345	9	Fam117b
5.23E-244	1.200871174	0.584	0.305	9	Gm12185
1.47E-214	0.825368721	0.597	0.319	9	Fam167b
4.75E-211	0.849780069	0.811	0.618	9	Kdr
2.92E-201	0.942076062	0.283	0.096	9	Majin
8.90E-198	0.907803547	0.485	0.238	9	Gm12216
1.25E-190	0.877001843	0.653	0.403	9	Emp2
3.45E-187	1.053613166	0.367	0.154	9	Eml6
9.29E-185	0.921346236	0.328	0.13	9	Smim4
6.14E-141	1.019087632	0.596	0.397	9	Nsd1
0	2.251603869	0.649	0.199	10	Slco1a4
0	2.118708086	0.508	0.178	10	Gm5127
0	1.745805571	0.588	0.18	10	Eln
0	1.728675088	0.823	0.499	10	Heg1
0	1.674252776	0.966	0.791	10	Ptprb
0	1.620095915	0.557	0.217	10	Lef1
0	1.567258788	0.706	0.349	10	Vwf
0	1.533694209	0.719	0.419	10	Sgms1
0	1.531276843	0.688	0.361	10	Klf12
0	1.375906849	0.791	0.511	10	Abcb1a
0	1.369372133	0.593	0.253	10	Clec14a
5.92E-306	1.468022696	0.769	0.492	10	Ldb2
7.23E-306	1.404568634	0.714	0.405	10	Dnm3
1.79E-287	1.3232881	0.85	0.654	10	Slc6a6
1.95E-285	1.316321332	0.792	0.575	10	Fli1
3.31E-281	1.349643435	0.498	0.199	10	Six3os1
2.43E-268	1.273339044	0.536	0.235	10	Sorbs2
6.51E-247	1.698259719	0.538	0.239	10	Mal
1.86E-240	1.591571261	0.842	0.687	10	Arl15
1.12E-238	1.434972094	0.565	0.279	10	Chrm3
6.49E-232	1.985807156	0.383	0.137	10	Kirrel3
1.15E-227	1.232609205	0.763	0.537	10	Prss23
4.81E-215	1.375823639	0.552	0.273	10	Pcdh7
1.25E-198	1.228613679	0.668	0.408	10	Mecom
6.88E-194	2.06219356	0.446	0.203	10	Ptn
5.11E-193	1.375234669	0.599	0.353	10	Hmcn1
3.84E-185	1.330564552	0.709	0.494	10	Cfh
5.50E-150	1.347589926	0.721	0.546	10	Cxcl12
8.60E-147	1.413976546	0.657	0.497	10	Slc2a1
3.98E-121	1.485978783	0.253	0.097	10	Pcdh9
0	3.222000502	0.83	0.261	11	Selp
0	2.396954378	0.809	0.446	11	Mctp1
0	2.335106315	0.515	0.121	11	Csf3
0	2.27407663	0.693	0.221	11	Sele
0	2.100932284	0.713	0.244	11	Nupr1
0	1.949586832	0.314	0.009	11	Ackr1
0	1.548773065	0.323	0.014	11	Kcnc2
0	1.445598662	0.628	0.225	11	Vcam1
0	1.36306512	0.919	0.571	11	S100a6
0	1.283351882	0.961	0.851	11	Vim
0	1.258966639	0.301	0.051	11	Tll1
0	1.188656013	0.794	0.405	11	Pdlim1
0	1.140110004	0.537	0.176	11	Casp4
2.04E-307	1.348703653	0.561	0.203	11	Slco2a1
8.34E-303	1.26329795	0.604	0.242	11	Rnf19b
2.96E-290	1.247287681	0.595	0.221	11	Cdh13
9.59E-278	1.29673391	0.671	0.336	11	Il6st
1.02E-269	1.111507706	0.412	0.124	11	Neurl3
2.85E-265	1.069268697	0.495	0.176	11	Socs2
3.16E-259	1.3771271	0.614	0.288	11	Ypel2
1.68E-253	1.112513982	0.352	0.095	11	Fmo2
6.69E-242	1.272165346	0.496	0.193	11	Il1r1
1.17E-241	1.168481836	0.622	0.272	11	Pcdh7
2.22E-234	1.174389613	0.445	0.151	11	Slc7a11
1.82E-208	1.059660265	0.918	0.822	11	Mast4
4.98E-199	1.258014991	0.556	0.272	11	Mustn1
9.27E-197	1.232396302	0.284	0.078	11	Ptgs2
8.72E-182	1.399518611	0.633	0.359	11	Serpine1
2.24E-170	1.062464724	0.667	0.404	11	Ldlrad4
6.26E-158	1.03654282	0.789	0.6	11	Ext1
0	1.284304503	0.749	0.323	12	Six3
0	1.152141106	0.98	0.76	12	Plvap
9.82E-305	1.19189372	0.937	0.66	12	Egr1
2.96E-292	1.147808336	0.941	0.685	12	Arl15
2.92E-284	1.269221526	0.985	0.834	12	Fos
9.79E-274	1.037095646	0.477	0.153	12	Chrm2
3.46E-250	1.045592856	0.941	0.715	12	Plpp1
2.90E-249	1.216323002	0.883	0.61	12	Zfp36
3.44E-244	1.123113906	0.901	0.643	12	Irf1
1.06E-240	1.191191929	0.867	0.612	12	Ier2
3.51E-218	1.230629621	0.882	0.633	12	Klf2
1.49E-217	0.952093512	0.915	0.62	12	Cd24a
8.80E-201	0.904166248	0.886	0.684	12	Rdx
4.07E-200	0.953873675	0.65	0.322	12	Fam167b
6.75E-198	0.951295207	0.963	0.844	12	Jun
4.20E-194	0.855192627	0.469	0.182	12	Ripply3
3.85E-188	1.034853119	0.821	0.55	12	Nr4a1
6.35E-177	0.947544919	0.842	0.621	12	Kdr
1.45E-173	1.04426161	0.796	0.529	12	Insr
1.66E-164	1.014145959	0.899	0.685	12	Btg2
2.20E-162	0.846678173	0.811	0.578	12	Msi2
1.70E-161	0.909293287	0.765	0.488	12	Socs3
1.30E-156	0.853853862	0.568	0.286	12	Piezo2
7.68E-156	0.902520384	0.692	0.406	12	Emp2
1.12E-130	0.841198598	0.65	0.405	12	Scarb1
5.12E-125	0.84630928	0.718	0.497	12	Shank3
1.87E-117	0.824745346	0.794	0.587	12	Prkch
9.84E-114	0.837389475	0.801	0.585	12	Igfbp3
3.01E-109	0.812562404	0.636	0.404	12	Lrmda
1.32E-26	0.899438143	0.507	0.407	12	Hspa1a
0	2.352816342	0.892	0.32	13	Six3
0	2.096154169	0.95	0.618	13	Kdr
0	2.08667068	0.914	0.526	13	Insr
0	2.001426266	0.981	0.715	13	Plpp1
0	1.944517756	0.757	0.218	13	Exoc3l2
0	1.942500319	0.857	0.374	13	Hecw2
0	1.933960066	0.508	0.053	13	Meis1
0	1.887083582	0.688	0.204	13	Pdia5
0	1.839773782	0.623	0.15	13	Chrm2
0	1.823796262	0.754	0.281	13	Piezo2
0	1.773066373	0.901	0.576	13	Msi2
0	1.764597446	0.964	0.685	13	Arl15
0	1.730255403	0.601	0.202	13	Rarb
0	1.717476712	0.925	0.625	13	Nrp1
0	1.708083003	0.982	0.761	13	Plvap
0	1.659181323	0.695	0.269	13	Arap2
0	1.657043207	0.85	0.492	13	Ldb2
0	1.60439168	0.781	0.364	13	Snrk
0	1.595644685	0.894	0.485	13	Car8
0	1.580232562	0.786	0.429	13	Etl4
0	1.561851095	0.841	0.476	13	Tspan9
0	1.553063209	0.62	0.178	13	Ripply3
0	1.544338972	0.627	0.198	13	Six3os1
0	1.503612921	0.964	0.751	13	Ptprg
0	1.496462969	0.983	0.839	13	Emcn
0	1.479586683	0.673	0.254	13	Clec14a
6.35E-289	1.578535836	0.754	0.404	13	Emp2
1.35E-281	1.568859632	0.745	0.401	13	Lrmda
1.88E-264	1.668983967	0.617	0.268	13	Nebl
5.92E-193	1.629624369	0.671	0.394	13	Pbx1
0	3.080669809	0.824	0.105	14	Adamtsl1
0	2.701557443	0.846	0.111	14	Fxyd6
0	2.267829989	0.797	0.245	14	Nupr1
0	2.075636026	0.577	0.129	14	Ifi27l2a
0	2.019953854	0.566	0.032	14	Npnt
0	2.016074097	0.94	0.662	14	Gng11
0	1.989684058	0.87	0.472	14	Rapgef5
0	1.920256583	0.682	0.096	14	Abi3bp
0	1.907411161	0.58	0.04	14	D5Ertd615e
0	1.898512974	0.57	0.049	14	Sema3a
0	1.856538481	0.882	0.379	14	Cp
0	1.769577863	0.667	0.114	14	Mxra8
0	1.767299711	0.859	0.318	14	Timp2
0	1.76162406	0.804	0.35	14	Hmcn1
0	1.75918513	0.661	0.104	14	Nsg1
0	1.697492946	0.67	0.087	14	Fbln5
0	1.654367525	0.677	0.133	14	Trp53i11
0	1.600724891	0.615	0.098	14	Sema3d
0	1.581425752	0.862	0.501	14	Cavin3
0	1.516212906	0.774	0.333	14	Smad1
0	1.476218213	0.587	0.116	14	Maf
0	1.474244641	0.695	0.181	14	Lbp
0	1.472611369	0.939	0.573	14	S100a6
0	1.460823275	0.741	0.22	14	Cdh13
0	1.444282994	0.726	0.246	14	Galnt1
0	1.440061992	0.832	0.417	14	Cgnl1
2.01E-280	2.047724621	0.807	0.433	14	Igfbp5
4.23E-276	1.497702138	0.788	0.38	14	Stox2
1.28E-179	1.785224057	0.512	0.206	14	Ccl21a
9.27E-11	1.431621955	0.407	0.335	14	Ccl2
0	3.789743019	0.665	0.07	15	Cytl1
0	2.983130608	0.912	0.314	15	Clu
0	2.461238188	0.654	0.186	15	Eln
0	2.350386906	0.992	0.868	15	Mgp
0	2.230522289	0.79	0.175	15	Stmn2
0	2.058311152	0.406	0.012	15	Gkn3
0	1.588691454	0.572	0.105	15	Sema3g
0	1.586212939	0.473	0.041	15	Bmx
0	1.567271041	0.505	0.094	15	Fbln5
0	1.554194561	0.431	0.076	15	Igf2
0	1.469587061	0.315	0.023	15	S100a4
0	1.302436206	0.439	0.083	15	Ptprr
0	1.225538491	0.405	0.072	15	Prdm16
7.17E-302	1.505850722	0.658	0.219	15	Fbln2
4.67E-293	1.630342034	0.947	0.708	15	Ly6a
3.24E-265	1.390694513	0.944	0.632	15	Ly6c1
3.65E-249	1.439190723	0.767	0.355	15	Ltbp4
1.04E-218	1.358235108	0.292	0.056	15	Pi16
4.56E-217	1.587720594	0.6	0.225	15	Gja4
1.01E-214	1.248566365	0.545	0.188	15	Ctsh
1.68E-210	1.39684866	0.822	0.536	15	Tspo
1.53E-191	1.464516605	0.372	0.097	15	Ptprj
6.27E-185	1.655415569	0.63	0.27	15	Nebl
2.93E-173	1.355839689	0.689	0.365	15	Emp3
1.54E-162	1.298818973	0.694	0.387	15	Nos3
9.14E-159	1.455266335	0.57	0.232	15	Vcam1
5.93E-146	1.408252801	0.885	0.689	15	Arl15
2.49E-135	1.456500605	0.556	0.244	15	Mal
9.42E-106	1.265478252	0.679	0.448	15	Glul
3.08E-64	1.307124364	0.604	0.452	15	Uap1
0	2.202211989	0.49	0.012	16	Cartpt
0	1.738927218	0.955	0.441	16	Gm13889
0	0.818180445	0.414	0.064	16	Kctd1
1.39E-307	1.333510969	0.758	0.24	16	Mal
5.35E-307	0.904298003	0.417	0.078	16	Crispld2
1.25E-300	1.302015212	0.75	0.265	16	Cpe
3.22E-279	0.929494739	0.455	0.097	16	Bdnf
7.40E-275	1.170671786	0.753	0.254	16	Ifitm1
1.21E-259	1.298244326	0.677	0.224	16	Gja4
2.62E-259	1.194289199	0.847	0.36	16	Tmem252
1.13E-227	1.26872741	0.599	0.193	16	Cryab
4.81E-209	0.810192856	0.495	0.139	16	Klhl29
1.61E-208	0.886560296	0.66	0.236	16	Col18a1
6.93E-191	1.071382027	0.823	0.387	16	Lrg1
5.17E-190	0.863676559	0.901	0.495	16	Slc2a1
7.58E-189	1.287332911	0.742	0.329	16	Procr
2.30E-184	1.0983381	0.842	0.418	16	Spp1
5.48E-168	0.910845907	0.488	0.154	16	Slc7a11
2.96E-155	0.864267068	0.733	0.349	16	Abhd2
2.29E-148	0.762759641	0.999	0.935	16	Actg1
5.99E-147	0.700861866	0.987	0.667	16	Rgs5
8.74E-147	1.111869358	0.577	0.23	16	Il6
8.07E-142	0.746030341	0.965	0.755	16	Slc3a2
2.25E-133	0.821966965	0.801	0.431	16	Adamts4
3.34E-123	0.819999382	0.951	0.77	16	Gapdh
2.15E-118	0.857983851	0.976	0.736	16	Mt1
7.14E-117	1.014727592	0.949	0.689	16	Hmox1
2.40E-110	0.73119877	0.709	0.371	16	Tuba1c
1.35E-97	0.790140272	0.814	0.522	16	Gclm
1.53E-90	0.789140126	0.687	0.382	16	Kcnq1ot1
0	3.099239535	0.959	0.333	17	Gpc6
0	2.855719361	0.887	0.418	17	Spp1
0	2.414686554	0.823	0.229	17	Lsamp
0	2.355353256	0.614	0.135	17	Nrxn1
0	2.289985626	0.814	0.209	17	Lama2
0	2.275136799	0.989	0.667	17	Rgs5
0	2.242255102	0.631	0.143	17	Grm7
0	2.079922139	0.831	0.241	17	Rarres2
0	2.077285655	0.971	0.698	17	Prkg1
0	2.026720398	0.797	0.22	17	Aspn
0	2.019087698	0.821	0.276	17	Rbms3
0	2.011706	0.729	0.2	17	Edn3
0	1.958983474	0.878	0.354	17	Arhgap10
0	1.954552751	0.814	0.253	17	Ifitm1
0	1.931858591	0.858	0.282	17	Lhfp
0	1.927378352	0.757	0.185	17	Cacna1c
0	1.883714878	0.724	0.188	17	Cacna2d1
0	1.835019258	0.863	0.372	17	Zeb2
0	1.721973477	0.731	0.181	17	Pdgfrb
0	1.701785191	0.599	0.153	17	Il34
0	1.675058605	0.741	0.238	17	Sox5
0	1.619648963	0.72	0.217	17	Gucy1a1
8.48E-305	1.936280188	0.751	0.274	17	Myl9
3.18E-301	1.845814376	0.643	0.202	17	Dmd
6.70E-207	1.841185172	0.838	0.513	17	Pde4d
6.19E-185	1.616659036	0.825	0.444	17	Gm13889
2.25E-176	1.635152005	0.634	0.272	17	Rgs7bp
1.39E-173	2.421154165	0.617	0.266	17	Ccl11
3.15E-156	1.633206554	0.594	0.25	17	Ngf
3.07E-93	1.624977868	0.489	0.232	17	Il6
0	3.760492247	0.996	0.636	18	Bsg
0	3.067623215	0.903	0.1	18	Spock2
0	2.531472948	0.84	0.093	18	Pglyrp1
0	2.233112299	0.974	0.54	18	Pltp
0	2.134438537	0.829	0.149	18	Fn1
0	2.102839384	0.87	0.29	18	Tspan5
0	1.912275174	0.686	0.051	18	Atp10a
0	1.835239372	0.666	0.07	18	Ccdc141
0	1.71465006	0.778	0.204	18	Ptn
0	1.601035775	0.566	0.078	18	Slc16a1
0	1.578475177	0.596	0.08	18	Foxq1
0	1.320831383	0.39	0.015	18	Slco1c1
0	1.312136658	0.579	0.087	18	Paqr5
1.07E-285	1.434230105	0.659	0.172	18	Sgms2
1.22E-278	1.301938137	0.618	0.154	18	Slc39a10
1.33E-275	1.578097027	0.947	0.496	18	Slc2a1
2.45E-275	1.555301017	0.96	0.493	18	Sparcl1
6.45E-271	1.603243738	0.849	0.349	18	Plat
4.16E-256	1.383427649	0.705	0.209	18	Slco1a4
7.35E-251	1.897908702	0.821	0.36	18	Itm2a
1.62E-239	1.436532922	0.986	0.633	18	Ly6c1
6.81E-232	1.299258571	0.774	0.27	18	Nebl
8.60E-222	1.347225907	0.823	0.349	18	Abhd2
6.41E-216	1.488930745	0.829	0.377	18	Igf1r
2.65E-203	1.273241419	0.907	0.516	18	Abcb1a
3.98E-201	1.474915742	0.955	0.69	18	Adgrl4
4.36E-172	1.272566141	0.374	0.088	18	Atp1a2
1.93E-143	1.375521978	0.785	0.422	18	Ccn1
2.88E-129	1.678109594	0.436	0.143	18	Vtn
1.27E-77	1.525840387	0.667	0.406	18	Hspa1a
0	2.533312915	0.408	0.037	19	Penk
0	2.101944259	0.513	0.071	19	Rbp7
0	1.378928253	0.378	0.028	19	Robo2
0	1.280628104	0.334	0.016	19	Nr5a2
1.50E-285	1.021808314	0.428	0.063	19	Glp2r
5.43E-158	1.34915394	0.987	0.851	19	Plpp3
3.68E-154	1.210274353	0.684	0.249	19	Pcp4l1
1.39E-148	1.251620705	0.477	0.129	19	Gm12002
8.67E-145	1.266527082	0.63	0.212	19	Gas7
8.43E-143	1.735088276	0.875	0.538	19	Mef2c
2.66E-139	1.547906009	0.747	0.362	19	Itm2a
9.55E-139	1.129049853	0.607	0.209	19	Col13a1
4.32E-135	1.256633996	0.722	0.303	19	Pcdh17
9.66E-129	1.077572934	0.957	0.634	19	Ly6c1
6.51E-120	1.192752296	0.607	0.245	19	Smco4
2.85E-113	1.212148675	0.405	0.118	19	Xylt1
7.50E-112	1.206598754	0.988	0.931	19	Igfbp7
3.06E-104	1.159833018	0.915	0.63	19	Nrp1
4.26E-103	1.077683252	0.863	0.527	19	Magi1
2.85E-102	1.726334641	0.624	0.286	19	Chrm3
6.60E-101	1.090328216	0.684	0.336	19	Lifr
1.16E-99	1.044532369	0.781	0.458	19	Tinagl1
3.11E-88	1.035121552	0.943	0.791	19	Hspb1
9.45E-87	1.198159463	0.753	0.451	19	Pam
5.84E-84	1.016115233	0.88	0.65	19	Crim1
8.26E-82	1.02818375	0.789	0.497	19	Sparcl1
1.35E-74	0.99910312	0.841	0.549	19	Plcb1
7.56E-69	1.029874719	0.833	0.629	19	Tshz2
1.15E-62	1.033466164	0.834	0.615	19	Iigp1
9.23E-54	1.011967893	0.861	0.692	19	Id1
